255 255 255 255 255 255 255 255 255 255 255 255 255 255 255 255
255  16  64  64 255 255 255   0   0 191  64 255  64  64  16 255
255  64   0 255 255  64 255 255  64  64   0 255 255   0  64 255
255  64 255 255 255   0   0 255   0 255 255 255 255 255  64 255
255 255 255 255 255   0   0 255 255 255   0 255 255 255 255 255
255  64 191 255   0 255 255 255   0 255   0 255   0 255  64 255
255   0  64   0 255 255 255 255 255 255 255   0   0  64 191 255
255 255 191   0   0 255 255   0 255 255   0   0   0 255  64 255
255   0   0 255 255 255   0 255 255 255   0 255   0 255 191 255
255   0 191   0   0 255 255   0 255 255   0   0   0 191  64 255
255  64  64 255   0   0 255   0   0 255   0   0   0 255 191 255
255 255 255 255 255   0 255 255 255   0 255 255 255   0   0 255
255  64 255 255 255   0   0 255   0 255   0 255 255 255 191 255
255  64   0 255 255   0 255   0 191 191  64   0 191   0  48 255
255  16  64  64 255 191 255 191   0  64  64  64 191 159 239 255
255 255 255 255 255 255 255 255 255 255 255 255 255 255 255 255
255 255 255 255 255 255 255 255 255 255 255 255 255 255 255 255
255  16  64  64 255 255 255   0   0 191  64 255  64  64  16 255
255  64   0 255 255  64 255 255  64  64   0 255 255   0  64 255
255  64 255 255 255   0   0 255   0 255 255 255 255 255  64 255
255 255 255 255 255   0   0 255 255 255   0 255 255 255 255 255
255  64 191 255   0 255 255 255   0 255   0 255   0 255  64 255
255   0  64   0 255 255 255 255 255 255 255   0   0  64 191 255
255 255 191   0   0 255 255   0 255 255   0   0   0 255  64 255
255   0   0 255 255 255   0 255 255 255   0 255   0 255 191 255
255   0 191   0   0 255 255   0 255 255   0   0   0 191  64 255
255  64  64 255   0   0 255   0   0 255   0   0   0 255 191 255
255 255 255 255 255   0 255 255 255   0 255 255 255   0   0 255
255  64 255 255 255   0   0 255   0 255   0 255 255 255 191 255
255  64   0 255 255   0 255   0 191 191  64   0 191   0  48 255
255  16  64  64 255 191 255 191   0  64  64  64 191 159 239 255
255 255 255 255 255 255 255 255 255 255 255 255 255 255 255 255
255 255 255 255 255 255 255 255 255 255 255 255 255 255 255 255
255  16  64  64 255 255 255   0   0 191  64 255  64  64  16 255
255  64   0 255 255  64 255 255  64  64   0 255 255   0  64 255
255  64 255 255 255   0   0 255   0 255 255 255 255 255  64 255
255 255 255 255 255   0   0 255 255 255   0 255 255 255 255 255
255  64 191 255   0 255 255 255   0 255   0 255   0 255  64 255
255   0  64   0 255 255 255 255 255 255 255   0   0  64 191 255
255 255 191   0   0 255 255   0 255 255   0   0   0 255  64 255
255   0   0 255 255 255   0 255 255 255   0 255   0 255 191 255
255   0 191   0   0 255 255   0 255 255   0   0   0 191  64 255
255  64  64 255   0   0 255   0   0 255   0   0   0 255 191 255
255 255 255 255 255   0 255 255 255   0 255 255 255   0   0 255
255  64 255 255 255   0   0 255   0 255   0 255 255 255 191 255
255  64   0 255 255   0 255   0 191 191  64   0 191   0  48 255
255  16  64  64 255 191 255 191   0  64  64  64 191 159 239 255
255 255 255 255 255 255 255 255 255 255 255 255 255 255 255 255

252 231 228 228 244 239 254 241 254 243 246 239 244 242 255 255
231 118 159 159 141 152 190 202 183 206  97 111  82  74 184 255
228 159  36 162 144 193 130 136 127 107 176  34 151  36 143 239
228 159 162 215 133  35  63 101 101  93  66 124 103  89 135 245
239 149 135 115 149 116 143 113 206 111   8 132 126  58 101 235
228 159  62 103  91  55 163  56  56 105  24  64  76 139 143 239
240 141 161 118 152 121 156 102 102 169 141  72 164 102 116 235
232 101 169  80 146 100 105 104 179 196 104 156 102  84  49 229
232 101 144 138 158 144 174 116 237 105  76 200 220  77  96 242
241 172 174 133  98 132 169 167  82 189 189 138 108 188 158 248
253 193 142  50  91 155 147 131 125 134 158  64 118  39  89 246
244 141 144 133 144 105 162 108 135 106 153 154 145 114 122 239
228 159 162 215 145 217 136  83 204 140 162 114 215 162 159 228
228 159  36 162 114  95 139 115 114 122 149 140 162  36 159 228
231 118 159 159 122 112  88 209 108  98 157 149 159 159 118 231
252 231 228 228 239 228 235 254 233 228 228 239 228 228 231 252
252 231 228 228 244 239 254 241 254 243 246 239 244 242 255 255
231 118 159 159 141 152 190 202 183 206  97 111  82  74 184 255
228 159  36 162 144 193 130 136 127 107 176  34 151  36 143 239
228 159 162 215 133  35  63 101 101  93  66 124 103  89 135 245
239 149 135 115 149 116 143 113 206 111   8 132 126  58 101 235
228 159  62 103  91  55 163  56  56 105  24  64  76 139 143 239
240 141 161 118 152 121 156 102 102 169 141  72 164 102 116 235
232 101 169  80 146 100 105 104 179 196 104 156 102  84  49 229
232 101 144 138 158 144 174 116 237 105  76 200 220  77  96 242
241 172 174 133  98 132 169 167  82 189 189 138 108 188 158 248
253 193 142  50  91 155 147 131 125 134 158  64 118  39  89 246
244 141 144 133 144 105 162 108 135 106 153 154 145 114 122 239
228 159 162 215 145 217 136  83 204 140 162 114 215 162 159 228
228 159  36 162 114  95 139 115 114 122 149 140 162  36 159 228
231 118 159 159 122 112  88 209 108  98 157 149 159 159 118 231
252 231 228 228 239 228 235 254 233 228 228 239 228 228 231 252
252 231 228 228 244 239 254 241 254 243 246 239 244 242 255 255
231 118 159 159 141 152 190 202 183 206  97 111  82  74 184 255
228 159  36 162 144 193 130 136 127 107 176  34 151  36 143 239
228 159 162 215 133  35  63 101 101  93  66 124 103  89 135 245
239 149 135 115 149 116 143 113 206 111   8 132 126  58 101 235
228 159  62 103  91  55 163  56  56 105  24  64  76 139 143 239
240 141 161 118 152 121 156 102 102 169 141  72 164 102 116 235
232 101 169  80 146 100 105 104 179 196 104 156 102  84  49 229
232 101 144 138 158 144 174 116 237 105  76 200 220  77  96 242
241 172 174 133  98 132 169 167  82 189 189 138 108 188 158 248
253 193 142  50  91 155 147 131 125 134 158  64 118  39  89 246
244 141 144 133 144 105 162 108 135 106 153 154 145 114 122 239
228 159 162 215 145 217 136  83 204 140 162 114 215 162 159 228
228 159  36 162 114  95 139 115 114 122 149 140 162  36 159 228
231 118 159 159 122 112  88 209 108  98 157 149 159 159 118 231
252 231 228 228 239 228 235 254 233 228 228 239 228 228 231 252

255 255 239 245 235 239 235 229 242 248 246 239 228 228 231 252
255 184 143 135 101 143 116  49  96 158  89 122 159 159 118 231
242  74  36  89  58 139 102  84  77 188  39 114 162  36 159 228
244  82 151 103 126  76 164 102 220 108 118 145 215 162 159 228
239 111  34 124 132  64  72 156 200 138  64 154 114 140 149 239
246  97 176  66   8  24 141 104  76 189 158 153 162 149 157 228
243 206 107  93 111 105 169 196 105 189 134 106 140 122  98 228
254 183 127 101 206  56 102 179 237  82 125 135 204 114 108 233
241 202 136 101 113  56 102 104 116 167 131 108  83 115 209 254
254 190 130  63 143 163 156 105 174 169 147 162 136 139  88 235
239 152 193  35 116  55 121 100 144 132 155 105 217  95 112 228
244 141 144 133 149  91 152 146 158  98  91 144 145 114 122 239
228 159 162 215 115 103 118  80 138 133  50 133 215 162 159 228
228 159  36 162 135  62 161 169 144 174 142 144 162  36 159 228
231 118 159 159 149 159 141 101 101 172 193 141 159 159 118 231
252 231 228 228 239 228 240 232 232 241 253 244 228 228 231 252
255 255 239 245 235 239 235 229 242 248 246 239 228 228 231 252
255 184 143 135 101 143 116  49  96 158  89 122 159 159 118 231
242  74  36  89  58 139 102  84  77 188  39 114 162  36 159 228
244  82 151 103 126  76 164 102 220 108 118 145 215 162 159 228
239 111  34 124 132  64  72 156 200 138  64 154 114 140 149 239
246  97 176  66   8  24 141 104  76 189 158 153 162 149 157 228
243 206 107  93 111 105 169 196 105 189 134 106 140 122  98 228
254 183 127 101 206  56 102 179 237  82 125 135 204 114 108 233
241 202 136 101 113  56 102 104 116 167 131 108  83 115 209 254
254 190 130  63 143 163 156 105 174 169 147 162 136 139  88 235
239 152 193  35 116  55 121 100 144 132 155 105 217  95 112 228
244 141 144 133 149  91 152 146 158  98  91 144 145 114 122 239
228 159 162 215 115 103 118  80 138 133  50 133 215 162 159 228
228 159  36 162 135  62 161 169 144 174 142 144 162  36 159 228
231 118 159 159 149 159 141 101 101 172 193 141 159 159 118 231
252 231 228 228 239 228 240 232 232 241 253 244 228 228 231 252
255 255 239 245 235 239 235 229 242 248 246 239 228 228 231 252
255 184 143 135 101 143 116  49  96 158  89 122 159 159 118 231
242  74  36  89  58 139 102  84  77 188  39 114 162  36 159 228
244  82 151 103 126  76 164 102 220 108 118 145 215 162 159 228
239 111  34 124 132  64  72 156 200 138  64 154 114 140 149 239
246  97 176  66   8  24 141 104  76 189 158 153 162 149 157 228
243 206 107  93 111 105 169 196 105 189 134 106 140 122  98 228
254 183 127 101 206  56 102 179 237  82 125 135 204 114 108 233
241 202 136 101 113  56 102 104 116 167 131 108  83 115 209 254
254 190 130  63 143 163 156 105 174 169 147 162 136 139  88 235
239 152 193  35 116  55 121 100 144 132 155 105 217  95 112 228
244 141 144 133 149  91 152 146 158  98  91 144 145 114 122 239
228 159 162 215 115 103 118  80 138 133  50 133 215 162 159 228
228 159  36 162 135  62 161 169 144 174 142 144 162  36 159 228
231 118 159 159 149 159 141 101 101 172 193 141 159 159 118 231
252 231 228 228 239 228 240 232 232 241 253 244 228 228 231 252

252 231 228 228 239 228 228 233 254 235 228 239 228 228 231 252
231 118 159 159 149 157  98 108 209  88 112 122 159 159 118 231
228 159  36 162 140 149 122 114 115 139  95 114 162  36 159 228
228 159 162 215 114 162 140 204  83 136 217 145 215 162 159 228
239 122 114 145 154 153 106 135 108 162 105 144 133 144 141 244
246  89  39 118  64 158 134 125 131 147 155  91  50 142 193 253
248 158 188 108 138 189 189  82 167 169 132  98 133 174 172 241
242  96  77 220 200  76 105 237 116 174 144 158 138 144 101 232
229  49  84 102 156 104 196 179 104 105 100 146  80 169 101 232
235 116 102 164  72 141 169 102 102 156 121 152 118 161 141 240
239 143 139  76  64  24 105  56  56 163  55  91 103  62 159 228
235 101  58 126 132   8 111 206 113 143 116 149 115 135 149 239
245 135  89 103 124  66  93 101 101  63  35 133 215 162 159 228
239 143  36 151  34 176 107 127 136 130 193 144 162  36 159 228
255 184  74  82 111  97 206 183 202 190 152 141 159 159 118 231
255 255 242 244 239 246 243 254 241 254 239 244 228 228 231 252
252 231 228 228 239 228 228 233 254 235 228 239 228 228 231 252
231 118 159 159 149 157  98 108 209  88 112 122 159 159 118 231
228 159  36 162 140 149 122 114 115 139  95 114 162  36 159 228
228 159 162 215 114 162 140 204  83 136 217 145 215 162 159 228
239 122 114 145 154 153 106 135 108 162 105 144 133 144 141 244
246  89  39 118  64 158 134 125 131 147 155  91  50 142 193 253
248 158 188 108 138 189 189  82 167 169 132  98 133 174 172 241
242  96  77 220 200  76 105 237 116 174 144 158 138 144 101 232
229  49  84 102 156 104 196 179 104 105 100 146  80 169 101 232
235 116 102 164  72 141 169 102 102 156 121 152 118 161 141 240
239 143 139  76  64  24 105  56  56 163  55  91 103  62 159 228
235 101  58 126 132   8 111 206 113 143 116 149 115 135 149 239
245 135  89 103 124  66  93 101 101  63  35 133 215 162 159 228
239 143  36 151  34 176 107 127 136 130 193 144 162  36 159 228
255 184  74  82 111  97 206 183 202 190 152 141 159 159 118 231
255 255 242 244 239 246 243 254 241 254 239 244 228 228 231 252
252 231 228 228 239 228 228 233 254 235 228 239 228 228 231 252
231 118 159 159 149 157  98 108 209  88 112 122 159 159 118 231
228 159  36 162 140 149 122 114 115 139  95 114 162  36 159 228
228 159 162 215 114 162 140 204  83 136 217 145 215 162 159 228
239 122 114 145 154 153 106 135 108 162 105 144 133 144 141 244
246  89  39 118  64 158 134 125 131 147 155  91  50 142 193 253
248 158 188 108 138 189 189  82 167 169 132  98 133 174 172 241
242  96  77 220 200  76 105 237 116 174 144 158 138 144 101 232
229  49  84 102 156 104 196 179 104 105 100 146  80 169 101 232
235 116 102 164  72 141 169 102 102 156 121 152 118 161 141 240
239 143 139  76  64  24 105  56  56 163  55  91 103  62 159 228
235 101  58 126 132   8 111 206 113 143 116 149 115 135 149 239
245 135  89 103 124  66  93 101 101  63  35 133 215 162 159 228
239 143  36 151  34 176 107 127 136 130 193 144 162  36 159 228
255 184  74  82 111  97 206 183 202 190 152 141 159 159 118 231
255 255 242 244 239 246 243 254 241 254 239 244 228 228 231 252
