255 255 255 255 255 255 255 255 255 255 255 255 255 255 255 255
255  16  64  64 255  64 191  64   0 255  64 255  64  64  16 255
255  64   0 255 255   0   0 255  64 191  64 255 255   0  64 255
255  64 255 255 255   0   0 255   0   0   0 255 255 255  64 255
255 255 255 255 255   0 255 255 255   0 255 255 255 255 255 255
255   0  64   0 255 255   0   0 255 255 255   0 255  64  64 255
255 191  64   0 255 255 255   0 255 255   0 255   0 191 191 255
255 191   0 255 255   0   0   0 255 255   0   0 255 255 255 255
255   0  64 255 255 255 255   0   0   0   0 255 255  64 191 255
255 255 255   0 255   0 255 255 255   0 255   0   0  64  64 255
255 255   0   0   0   0   0   0   0   0   0   0 255 255   0 255
255 255 255 255 255   0   0   0 255   0   0 255 255 191   0 255
255  64 255 255 255 255   0   0   0 255 255 255 255   0 191 255
255  64   0 255 255 191   0   0 255   0 191 255  64   0 159 255
255  16  64  64 255   0 191  64   0   0   0   0   0 112 191 255
255 255 255 255 255 255 255 255 255 255 255 255 255 255 255 255
255 255 255 255 255 255 255 255 255 255 255 255 255 255 255 255
255  16  64  64 255  64 191  64   0 255  64 255  64  64  16 255
255  64   0 255 255   0   0 255  64 191  64 255 255   0  64 255
255  64 255 255 255   0   0 255   0   0   0 255 255 255  64 255
255 255 255 255 255   0 255 255 255   0 255 255 255 255 255 255
255   0  64   0 255 255   0   0 255 255 255   0 255  64  64 255
255 191  64   0 255 255 255   0 255 255   0 255   0 191 191 255
255 191   0 255 255   0   0   0 255 255   0   0 255 255 255 255
255   0  64 255 255 255 255   0   0   0   0 255 255  64 191 255
255 255 255   0 255   0 255 255 255   0 255   0   0  64  64 255
255 255   0   0   0   0   0   0   0   0   0   0 255 255   0 255
255 255 255 255 255   0   0   0 255   0   0 255 255 191   0 255
255  64 255 255 255 255   0   0   0 255 255 255 255   0 191 255
255  64   0 255 255 191   0   0 255   0 191 255  64   0 159 255
255  16  64  64 255   0 191  64   0   0   0   0   0 112 191 255
255 255 255 255 255 255 255 255 255 255 255 255 255 255 255 255
255 255 255 255 255 255 255 255 255 255 255 255 255 255 255 255
255  16  64  64 255  64 191  64   0 255  64 255  64  64  16 255
255  64   0 255 255   0   0 255  64 191  64 255 255   0  64 255
255  64 255 255 255   0   0 255   0   0   0 255 255 255  64 255
255 255 255 255 255   0 255 255 255   0 255 255 255 255 255 255
255   0  64   0 255 255   0   0 255 255 255   0 255  64  64 255
255 191  64   0 255 255 255   0 255 255   0 255   0 191 191 255
255 191   0 255 255   0   0   0 255 255   0   0 255 255 255 255
255   0  64 255 255 255 255   0   0   0   0 255 255  64 191 255
255 255 255   0 255   0 255 255 255   0 255   0   0  64  64 255
255 255   0   0   0   0   0   0   0   0   0   0 255 255   0 255
255 255 255 255 255   0   0   0 255   0   0 255 255 191   0 255
255  64 255 255 255 255   0   0   0 255 255 255 255   0 191 255
255  64   0 255 255 191   0   0 255   0 191 255  64   0 159 255
255  16  64  64 255   0 191  64   0   0   0   0   0 112 191 255
255 255 255 255 255 255 255 255 255 255 255 255 255 255 255 255

252 231 228 228 244 239 247 243 251 235 237 244 255 243 255 255
231 118 159 159 141 143  98 146 108 109 104 109 171 158 133 241
228 159  36 162 131 131 110 185 141 205 167 122  80  58 206 244
228 159 162 215 115 154 142 225 177 138 101 128  95  77 113 238
244 141 122 133 171  62 125  96 181  91  71 132 125 130 106 237
237 147 120  88 172 135 110 114 116 215  77 102 167  87  32 230
247 193 108   7 123 203 109 181  92  91 112 167 209 124  72 242
236  78 102  32 163 185 132 151  88 150  88 177 154 195  94 240
228 116 173 231 149 118 127  26  24 151 123  50 106 114 171 232
247 133  64 174 160 122 212  80 139 194  82  45  71 100 160 247
239 152  66  75 109 174 147  68 170 111  88  71 188 109  42 230
244 141 131 115 134 144 136 142 182 179  84 137 164 144 122 239
228 159 162 215 164  91  63 157 189  66  95 164 215 162 159 228
228 159  36 162 144 128  92  18 128 163  42 126 162  36 159 228
231 118 159 159 122  42 151 102  55 197 216 149 159 159 118 231
252 231 228 228 239 230 254 250 237 248 244 239 228 228 231 252
252 231 228 228 244 239 247 243 251 235 237 244 255 243 255 255
231 118 159 159 141 143  98 146 108 109 104 109 171 158 133 241
228 159  36 162 131 131 110 185 141 205 167 122  80  58 206 244
228 159 162 215 115 154 142 225 177 138 101 128  95  77 113 238
244 141 122 133 171  62 125  96 181  91  71 132 125 130 106 237
237 147 120  88 172 135 110 114 116 215  77 102 167  87  32 230
247 193 108   7 123 203 109 181  92  91 112 167 209 124  72 242
236  78 102  32 163 185 132 151  88 150  88 177 154 195  94 240
228 116 173 231 149 118 127  26  24 151 123  50 106 114 171 232
247 133  64 174 160 122 212  80 139 194  82  45  71 100 160 247
239 152  66  75 109 174 147  68 170 111  88  71 188 109  42 230
244 141 131 115 134 144 136 142 182 179  84 137 164 144 122 239
228 159 162 215 164  91  63 157 189  66  95 164 215 162 159 228
228 159  36 162 144 128  92  18 128 163  42 126 162  36 159 228
231 118 159 159 122  42 151 102  55 197 216 149 159 159 118 231
252 231 228 228 239 230 254 250 237 248 244 239 228 228 231 252
252 231 228 228 244 239 247 243 251 235 237 244 255 243 255 255
231 118 159 159 141 143  98 146 108 109 104 109 171 158 133 241
228 159  36 162 131 131 110 185 141 205 167 122  80  58 206 244
228 159 162 215 115 154 142 225 177 138 101 128  95  77 113 238
244 141 122 133 171  62 125  96 181  91  71 132 125 130 106 237
237 147 120  88 172 135 110 114 116 215  77 102 167  87  32 230
247 193 108   7 123 203 109 181  92  91 112 167 209 124  72 242
236  78 102  32 163 185 132 151  88 150  88 177 154 195  94 240
228 116 173 231 149 118 127  26  24 151 123  50 106 114 171 232
247 133  64 174 160 122 212  80 139 194  82  45  71 100 160 247
239 152  66  75 109 174 147  68 170 111  88  71 188 109  42 230
244 141 131 115 134 144 136 142 182 179  84 137 164 144 122 239
228 159 162 215 164  91  63 157 189  66  95 164 215 162 159 228
228 159  36 162 144 128  92  18 128 163  42 126 162  36 159 228
231 118 159 159 122  42 151 102  55 197 216 149 159 159 118 231
252 231 228 228 239 230 254 250 237 248 244 239 228 228 231 252

255 241 244 238 237 230 242 240 232 247 230 239 228 228 231 252
255 133 206 113 106  32  72  94 171 160  42 122 159 159 118 231
243 158  58  77 130  87 124 195 114 100 109 144 162  36 159 228
255 171  80  95 125 167 209 154 106  71 188 164 215 162 159 228
244 109 122 128 132 102 167 177  50  45  71 137 164 126 149 239
237 104 167 101  71  77 112  88 123  82  88  84  95  42 216 244
235 109 205 138  91 215  91 150 151 194 111 179  66 163 197 248
251 108 141 177 181 116  92  88  24 139 170 182 189 128  55 237
243 146 185 225  96 114 181 151  26  80  68 142 157  18 102 250
247  98 110 142 125 110 109 132 127 212 147 136  63  92 151 254
239 143 131 154  62 135 203 185 118 122 174 144  91 128  42 230
244 141 131 115 171 172 123 163 149 160 109 134 164 144 122 239
228 159 162 215 133  88   7  32 231 174  75 115 215 162 159 228
228 159  36 162 122 120 108 102 173  64  66 131 162  36 159 228
231 118 159 159 141 147 193  78 116 133 152 141 159 159 118 231
252 231 228 228 244 237 247 236 228 247 239 244 228 228 231 252
255 241 244 238 237 230 242 240 232 247 230 239 228 228 231 252
255 133 206 113 106  32  72  94 171 160  42 122 159 159 118 231
243 158  58  77 130  87 124 195 114 100 109 144 162  36 159 228
255 171  80  95 125 167 209 154 106  71 188 164 215 162 159 228
244 109 122 128 132 102 167 177  50  45  71 137 164 126 149 239
237 104 167 101  71  77 112  88 123  82  88  84  95  42 216 244
235 109 205 138  91 215  91 150 151 194 111 179  66 163 197 248
251 108 141 177 181 116  92  88  24 139 170 182 189 128  55 237
243 146 185 225  96 114 181 151  26  80  68 142 157  18 102 250
247  98 110 142 125 110 109 132 127 212 147 136  63  92 151 254
239 143 131 154  62 135 203 185 118 122 174 144  91 128  42 230
244 141 131 115 171 172 123 163 149 160 109 134 164 144 122 239
228 159 162 215 133  88   7  32 231 174  75 115 215 162 159 228
228 159  36 162 122 120 108 102 173  64  66 131 162  36 159 228
231 118 159 159 141 147 193  78 116 133 152 141 159 159 118 231
252 231 228 228 244 237 247 236 228 247 239 244 228 228 231 252
255 241 244 238 237 230 242 240 232 247 230 239 228 228 231 252
255 133 206 113 106  32  72  94 171 160  42 122 159 159 118 231
243 158  58  77 130  87 124 195 114 100 109 144 162  36 159 228
255 171  80  95 125 167 209 154 106  71 188 164 215 162 159 228
244 109 122 128 132 102 167 177  50  45  71 137 164 126 149 239
237 104 167 101  71  77 112  88 123  82  88  84  95  42 216 244
235 109 205 138  91 215  91 150 151 194 111 179  66 163 197 248
251 108 141 177 181 116  92  88  24 139 170 182 189 128  55 237
243 146 185 225  96 114 181 151  26  80  68 142 157  18 102 250
247  98 110 142 125 110 109 132 127 212 147 136  63  92 151 254
239 143 131 154  62 135 203 185 118 122 174 144  91 128  42 230
244 141 131 115 171 172 123 163 149 160 109 134 164 144 122 239
228 159 162 215 133  88   7  32 231 174  75 115 215 162 159 228
228 159  36 162 122 120 108 102 173  64  66 131 162  36 159 228
231 118 159 159 141 147 193  78 116 133 152 141 159 159 118 231
252 231 228 228 244 237 247 236 228 247 239 244 228 228 231 252

252 231 228 228 239 244 248 237 250 254 230 239 228 228 231 252
231 118 159 159 149 216 197  55 102 151  42 122 159 159 118 231
228 159  36 162 126  42 163 128  18  92 128 144 162  36 159 228
228 159 162 215 164  95  66 189 157  63  91 164 215 162 159 228
239 122 144 164 137  84 179 182 142 136 144 134 115 131 141 244
230  42 109 188  71  88 111 170  68 147 174 109  75  66 152 239
247 160 100  71  45  82 194 139  80 212 122 160 174  64 133 247
232 171 114 106  50 123 151  24  26 127 118 149 231 173 116 228
240  94 195 154 177  88 150  88 151 132 185 163  32 102  78 236
242  72 124 209 167 112  91  92 181 109 203 123   7 108 193 247
230  32  87 167 102  77 215 116 114 110 135 172  88 120 147 237
237 106 130 125 132  71  91 181  96 125  62 171 133 122 141 244
238 113  77  95 128 101 138 177 225 142 154 115 215 162 159 228
244 206  58  80 122 167 205 141 185 110 131 131 162  36 159 228
241 133 158 171 109 104 109 108 146  98 143 141 159 159 118 231
255 255 243 255 244 237 235 251 243 247 239 244 228 228 231 252
252 231 228 228 239 244 248 237 250 254 230 239 228 228 231 252
231 118 159 159 149 216 197  55 102 151  42 122 159 159 118 231
228 159  36 162 126  42 163 128  18  92 128 144 162  36 159 228
228 159 162 215 164  95  66 189 157  63  91 164 215 162 159 228
239 122 144 164 137  84 179 182 142 136 144 134 115 131 141 244
230  42 109 188  71  88 111 170  68 147 174 109  75  66 152 239
247 160 100  71  45  82 194 139  80 212 122 160 174  64 133 247
232 171 114 106  50 123 151  24  26 127 118 149 231 173 116 228
240  94 195 154 177  88 150  88 151 132 185 163  32 102  78 236
242  72 124 209 167 112  91  92 181 109 203 123   7 108 193 247
230  32  87 167 102  77 215 116 114 110 135 172  88 120 147 237
237 106 130 125 132  71  91 181  96 125  62 171 133 122 141 244
238 113  77  95 128 101 138 177 225 142 154 115 215 162 159 228
244 206  58  80 122 167 205 141 185 110 131 131 162  36 159 228
241 133 158 171 109 104 109 108 146  98 143 141 159 159 118 231
255 255 243 255 244 237 235 251 243 247 239 244 228 228 231 252
252 231 228 228 239 244 248 237 250 254 230 239 228 228 231 252
231 118 159 159 149 216 197  55 102 151  42 122 159 159 118 231
228 159  36 162 126  42 163 128  18  92 128 144 162  36 159 228
228 159 162 215 164  95  66 189 157  63  91 164 215 162 159 228
239 122 144 164 137  84 179 182 142 136 144 134 115 131 141 244
230  42 109 188  71  88 111 170  68 147 174 109  75  66 152 239
247 160 100  71  45  82 194 139  80 212 122 160 174  64 133 247
232 171 114 106  50 123 151  24  26 127 118 149 231 173 116 228
240  94 195 154 177  88 150  88 151 132 185 163  32 102  78 236
242  72 124 209 167 112  91  92 181 109 203 123   7 108 193 247
230  32  87 167 102  77 215 116 114 110 135 172  88 120 147 237
237 106 130 125 132  71  91 181  96 125  62 171 133 122 141 244
238 113  77  95 128 101 138 177 225 142 154 115 215 162 159 228
244 206  58  80 122 167 205 141 185 110 131 131 162  36 159 228
241 133 158 171 109 104 109 108 146  98 143 141 159 159 118 231
255 255 243 255 244 237 235 251 243 247 239 244 228 228 231 252
