255 255 255 255 255 255 255 255 255 255 255 255 255 255 255 255
255  16  64  64 255 255 255 255 191 255  64 255  64  64  16 255
255  64   0 255 255  64 255  64 191  64 255 255 255   0  64 255
255  64 255 255 255   0   0   0   0   0 255 255 255 255  64 255
255 255 255 255 255   0   0 255   0 255   0 255 255 255 255 255
255  64   0 255 255 255 255   0 255 255   0   0   0 255  64 255
255 255 191 255   0 255 255 255 255 255   0 255   0  64 191 255
255 255  64   0   0   0   0   0 255 255   0   0 255 255  64 255
255  64   0   0 255 255 255 255 255 255 255 255   0 255 191 255
255   0  64   0 255 255   0 255 255   0   0 255   0 191  64 255
255  64   0 255   0 255 255 255   0 255 255 255   0 255 191 255
255 255 255 255 255 255   0 255   0   0 255 255 255   0   0 255
255  64 255 255 255 255 255 255 255 255   0 255 255 255 191 255
255  64   0 255 255 255  64  64 191  64 255 255   0   0  96 255
255  16  64  64 255 191   0  64 255  64  64 191   0  16 239 255
255 255 255 255 255 255 255 255 255 255 255 255 255 255 255 255
255 255 255 255 255 255 255 255 255 255 255 255 255 255 255 255
255  16  64  64 255 255 255 255 191 255  64 255  64  64  16 255
255  64   0 255 255  64 255  64 191  64 255 255 255   0  64 255
255  64 255 255 255   0   0   0   0   0 255 255 255 255  64 255
255 255 255 255 255   0   0 255   0 255   0 255 255 255 255 255
255  64   0 255 255 255 255   0 255 255   0   0   0 255  64 255
255 255 191 255   0 255 255 255 255 255   0 255   0  64 191 255
255 255  64   0   0   0   0   0 255 255   0   0 255 255  64 255
255  64   0   0 255 255 255 255 255 255 255 255   0 255 191 255
255   0  64   0 255 255   0 255 255   0   0 255   0 191  64 255
255  64   0 255   0 255 255 255   0 255 255 255   0 255 191 255
255 255 255 255 255 255   0 255   0   0 255 255 255   0   0 255
255  64 255 255 255 255 255 255 255 255   0 255 255 255 191 255
255  64   0 255 255 255  64  64 191  64 255 255   0   0  96 255
255  16  64  64 255 191   0  64 255  64  64 191   0  16 239 255
255 255 255 255 255 255 255 255 255 255 255 255 255 255 255 255
255 255 255 255 255 255 255 255 255 255 255 255 255 255 255 255
255  16  64  64 255 255 255 255 191 255  64 255  64  64  16 255
255  64   0 255 255  64 255  64 191  64 255 255 255   0  64 255
255  64 255 255 255   0   0   0   0   0 255 255 255 255  64 255
255 255 255 255 255   0   0 255   0 255   0 255 255 255 255 255
255  64   0 255 255 255 255   0 255 255   0   0   0 255  64 255
255 255 191 255   0 255 255 255 255 255   0 255   0  64 191 255
255 255  64   0   0   0   0   0 255 255   0   0 255 255  64 255
255  64   0   0 255 255 255 255 255 255 255 255   0 255 191 255
255   0  64   0 255 255   0 255 255   0   0 255   0 191  64 255
255  64   0 255   0 255 255 255   0 255 255 255   0 255 191 255
255 255 255 255 255 255   0 255   0   0 255 255 255   0   0 255
255  64 255 255 255 255 255 255 255 255   0 255 255 255 191 255
255  64   0 255 255 255  64  64 191  64 255 255   0   0  96 255
255  16  64  64 255 191   0  64 255  64  64 191   0  16 239 255
255 255 255 255 255 255 255 255 255 255 255 255 255 255 255 255

252 231 228 228 244 239 254 241 254 243 246 239 254 246 255 255
231 118 159 159 141 152 190 202 183 206  97 111 121 133 184 255
228 159  36 162 144 196 158 143 134 105 153  34 152  42 112 230
228 159 162 215 133  54 170 171  50  51  12 124 100  38  75 228
239 149 135 115 149  49 111 110 191 163 153 132 128 129 128 244
228 151 178 112  84  47 110 127 147  75 208  93  68 181 152 239
240 134 168 117 144 126 183 131 119  74 181  48 123 144 174 242
247  96 111  69  95 136 135 106 131 107  99  44 165 167 213 254
247 201 108  46 129  43 143  82 147 160 181 166  87 123 177 233
241 172 174 133  85 107 153 115 177 123 223 116 147 147  61 229
253 193 142  50  91 105 142 111 117 129 191  91 219 154  80 244
244 141 144 133 144 132 101 113 117  96 115 137 145 114 122 239
228 159 162 215 145 155 201  49  51  94 211 146 215 162 159 228
228 159  36 162 114  20 147 150 107 124  71 135 162  36 159 228
231 118 159 159 122 112 216 252 138  65 157 149 159 159 118 231
252 231 228 228 239 230 254 254 233 228 228 239 228 228 231 252
252 231 228 228 244 239 254 241 254 243 246 239 254 246 255 255
231 118 159 159 141 152 190 202 183 206  97 111 121 133 184 255
228 159  36 162 144 196 158 143 134 105 153  34 152  42 112 230
228 159 162 215 133  54 170 171  50  51  12 124 100  38  75 228
239 149 135 115 149  49 111 110 191 163 153 132 128 129 128 244
228 151 178 112  84  47 110 127 147  75 208  93  68 181 152 239
240 134 168 117 144 126 183 131 119  74 181  48 123 144 174 242
247  96 111  69  95 136 135 106 131 107  99  44 165 167 213 254
247 201 108  46 129  43 143  82 147 160 181 166  87 123 177 233
241 172 174 133  85 107 153 115 177 123 223 116 147 147  61 229
253 193 142  50  91 105 142 111 117 129 191  91 219 154  80 244
244 141 144 133 144 132 101 113 117  96 115 137 145 114 122 239
228 159 162 215 145 155 201  49  51  94 211 146 215 162 159 228
228 159  36 162 114  20 147 150 107 124  71 135 162  36 159 228
231 118 159 159 122 112 216 252 138  65 157 149 159 159 118 231
252 231 228 228 239 230 254 254 233 228 228 239 228 228 231 252
252 231 228 228 244 239 254 241 254 243 246 239 254 246 255 255
231 118 159 159 141 152 190 202 183 206  97 111 121 133 184 255
228 159  36 162 144 196 158 143 134 105 153  34 152  42 112 230
228 159 162 215 133  54 170 171  50  51  12 124 100  38  75 228
239 149 135 115 149  49 111 110 191 163 153 132 128 129 128 244
228 151 178 112  84  47 110 127 147  75 208  93  68 181 152 239
240 134 168 117 144 126 183 131 119  74 181  48 123 144 174 242
247  96 111  69  95 136 135 106 131 107  99  44 165 167 213 254
247 201 108  46 129  43 143  82 147 160 181 166  87 123 177 233
241 172 174 133  85 107 153 115 177 123 223 116 147 147  61 229
253 193 142  50  91 105 142 111 117 129 191  91 219 154  80 244
244 141 144 133 144 132 101 113 117  96 115 137 145 114 122 239
228 159 162 215 145 155 201  49  51  94 211 146 215 162 159 228
228 159  36 162 114  20 147 150 107 124  71 135 162  36 159 228
231 118 159 159 122 112 216 252 138  65 157 149 159 159 118 231
252 231 228 228 239 230 254 254 233 228 228 239 228 228 231 252

255 255 230 228 244 239 242 254 233 229 244 239 228 228 231 252
255 184 112  75 128 152 174 213 177  61  80 122 159 159 118 231
246 133  42  38 129 181 144 167 123 147 154 114 162  36 159 228
254 121 152 100 128  68 123 165  87 147 219 145 215 162 159 228
239 111  34 124 132  93  48  44 166 116  91 137 146 135 149 239
246  97 153  12 153 208 181  99 181 223 191 115 211  71 157 228
243 206 105  51 163  75  74 107 160 123 129  96  94 124  65 228
254 183 134  50 191 147 119 131 147 177 117 117  51 107 138 233
241 202 143 171 110 127 131 106  82 115 111 113  49 150 252 254
254 190 158 170 111 110 183 135 143 153 142 101 201 147 216 254
239 152 196  54  49  47 126 136  43 107 105 132 155  20 112 230
244 141 144 133 149  84 144  95 129  85  91 144 145 114 122 239
228 159 162 215 115 112 117  69  46 133  50 133 215 162 159 228
228 159  36 162 135 178 168 111 108 174 142 144 162  36 159 228
231 118 159 159 149 151 134  96 201 172 193 141 159 159 118 231
252 231 228 228 239 228 240 247 247 241 253 244 228 228 231 252
255 255 230 228 244 239 242 254 233 229 244 239 228 228 231 252
255 184 112  75 128 152 174 213 177  61  80 122 159 159 118 231
246 133  42  38 129 181 144 167 123 147 154 114 162  36 159 228
254 121 152 100 128  68 123 165  87 147 219 145 215 162 159 228
239 111  34 124 132  93  48  44 166 116  91 137 146 135 149 239
246  97 153  12 153 208 181  99 181 223 191 115 211  71 157 228
243 206 105  51 163  75  74 107 160 123 129  96  94 124  65 228
254 183 134  50 191 147 119 131 147 177 117 117  51 107 138 233
241 202 143 171 110 127 131 106  82 115 111 113  49 150 252 254
254 190 158 170 111 110 183 135 143 153 142 101 201 147 216 254
239 152 196  54  49  47 126 136  43 107 105 132 155  20 112 230
244 141 144 133 149  84 144  95 129  85  91 144 145 114 122 239
228 159 162 215 115 112 117  69  46 133  50 133 215 162 159 228
228 159  36 162 135 178 168 111 108 174 142 144 162  36 159 228
231 118 159 159 149 151 134  96 201 172 193 141 159 159 118 231
252 231 228 228 239 228 240 247 247 241 253 244 228 228 231 252
255 255 230 228 244 239 242 254 233 229 244 239 228 228 231 252
255 184 112  75 128 152 174 213 177  61  80 122 159 159 118 231
246 133  42  38 129 181 144 167 123 147 154 114 162  36 159 228
254 121 152 100 128  68 123 165  87 147 219 145 215 162 159 228
239 111  34 124 132  93  48  44 166 116  91 137 146 135 149 239
246  97 153  12 153 208 181  99 181 223 191 115 211  71 157 228
243 206 105  51 163  75  74 107 160 123 129  96  94 124  65 228
254 183 134  50 191 147 119 131 147 177 117 117  51 107 138 233
241 202 143 171 110 127 131 106  82 115 111 113  49 150 252 254
254 190 158 170 111 110 183 135 143 153 142 101 201 147 216 254
239 152 196  54  49  47 126 136  43 107 105 132 155  20 112 230
244 141 144 133 149  84 144  95 129  85  91 144 145 114 122 239
228 159 162 215 115 112 117  69  46 133  50 133 215 162 159 228
228 159  36 162 135 178 168 111 108 174 142 144 162  36 159 228
231 118 159 159 149 151 134  96 201 172 193 141 159 159 118 231
252 231 228 228 239 228 240 247 247 241 253 244 228 228 231 252

252 231 228 228 239 228 228 233 254 254 230 239 228 228 231 252
231 118 159 159 149 157  65 138 252 216 112 122 159 159 118 231
228 159  36 162 135  71 124 107 150 147  20 114 162  36 159 228
228 159 162 215 146 211  94  51  49 201 155 145 215 162 159 228
239 122 114 145 137 115  96 117 113 101 132 144 133 144 141 244
244  80 154 219  91 191 129 117 111 142 105  91  50 142 193 253
229  61 147 147 116 223 123 177 115 153 107  85 133 174 172 241
233 177 123  87 166 181 160 147  82 143  43 129  46 108 201 247
254 213 167 165  44  99 107 131 106 135 136  95  69 111  96 247
242 174 144 123  48 181  74 119 131 183 126 144 117 168 134 240
239 152 181  68  93 208  75 147 127 110  47  84 112 178 151 228
244 128 129 128 132 153 163 191 110 111  49 149 115 135 149 239
228  75  38 100 124  12  51  50 171 170  54 133 215 162 159 228
230 112  42 152  34 153 105 134 143 158 196 144 162  36 159 228
255 184 133 121 111  97 206 183 202 190 152 141 159 159 118 231
255 255 246 254 239 246 243 254 241 254 239 244 228 228 231 252
252 231 228 228 239 228 228 233 254 254 230 239 228 228 231 252
231 118 159 159 149 157  65 138 252 216 112 122 159 159 118 231
228 159  36 162 135  71 124 107 150 147  20 114 162  36 159 228
228 159 162 215 146 211  94  51  49 201 155 145 215 162 159 228
239 122 114 145 137 115  96 117 113 101 132 144 133 144 141 244
244  80 154 219  91 191 129 117 111 142 105  91  50 142 193 253
229  61 147 147 116 223 123 177 115 153 107  85 133 174 172 241
233 177 123  87 166 181 160 147  82 143  43 129  46 108 201 247
254 213 167 165  44  99 107 131 106 135 136  95  69 111  96 247
242 174 144 123  48 181  74 119 131 183 126 144 117 168 134 240
239 152 181  68  93 208  75 147 127 110  47  84 112 178 151 228
244 128 129 128 132 153 163 191 110 111  49 149 115 135 149 239
228  75  38 100 124  12  51  50 171 170  54 133 215 162 159 228
230 112  42 152  34 153 105 134 143 158 196 144 162  36 159 228
255 184 133 121 111  97 206 183 202 190 152 141 159 159 118 231
255 255 246 254 239 246 243 254 241 254 239 244 228 228 231 252
252 231 228 228 239 228 228 233 254 254 230 239 228 228 231 252
231 118 159 159 149 157  65 138 252 216 112 122 159 159 118 231
228 159  36 162 135  71 124 107 150 147  20 114 162  36 159 228
228 159 162 215 146 211  94  51  49 201 155 145 215 162 159 228
239 122 114 145 137 115  96 117 113 101 132 144 133 144 141 244
244  80 154 219  91 191 129 117 111 142 105  91  50 142 193 253
229  61 147 147 116 223 123 177 115 153 107  85 133 174 172 241
233 177 123  87 166 181 160 147  82 143  43 129  46 108 201 247
254 213 167 165  44  99 107 131 106 135 136  95  69 111  96 247
242 174 144 123  48 181  74 119 131 183 126 144 117 168 134 240
239 152 181  68  93 208  75 147 127 110  47  84 112 178 151 228
244 128 129 128 132 153 163 191 110 111  49 149 115 135 149 239
228  75  38 100 124  12  51  50 171 170  54 133 215 162 159 228
230 112  42 152  34 153 105 134 143 158 196 144 162  36 159 228
255 184 133 121 111  97 206 183 202 190 152 141 159 159 118 231
255 255 246 254 239 246 243 254 241 254 239 244 228 228 231 252
