255 255 255 255 255 255 255 255 255 255 255 255 255 255 255 255
255 255 255 255 255 255 255 255 255 255 255 255 255 255 255 255
255 255 255 255 255 255 255 255 255 255 255 255 255 255 255 255
255 255 255 255 255 255 255 255 255 255 255 255 255 255 255 255
255 255 255 255 255 255 255 255 255 255 255 255 255 255 255 255
255 255 255 255 255 255 255 255 255 255 255 255 255 255 255 255
255 255 255 255 255 255 255 255 255 255 255 255 255 255 255 255
255 255 255 255 255 255 255 255 255 255 255 255 255 255 255 255
255 255 255 255 255 255 255 255 255 255 255 255 255 255 255 255
255 255 255 255 255 255 255 255 255 255 255 255 255 255 255 255
255 255 255 255 255 255 255 255 255 255 255 255 255 255 255 255
255   0 248 255 226 255 103 255 255   0 255 255 103 111 255 255
  0 255 255 255 207 255   0 255 255 255 255 255 207 255   0 255
255 112   0 255  91 112   0 255 255 255 255 255   0   0 139 255
  0 255 255 255 207 255   0 255  72 255  28 255 207 255 255 255
255 255 255 255 255 255 255 255 255 255 255 255 255 255 255 255
255 255 255 255 255 255 255 255 255 255 255 255 255 255 255 255
255 255 255 255 255 255 255 255 255 255 255 255 255 255 255 255
255 255 255 255 255 255 255 255 255 255 255 255 255 255 255 255
255 255 255 255 255 255 255 255 255 255 255 255 255 255 255 255
255 255 255 255 255 255 255 255 255 255 255 255 255 255 255 255
255 255 255 255 255 255 255 255 255 255 255 255 255 255 255 255
255 255 255 255 255 255 255 255 255 255 255 255 255 255 255 255
255 255 255 255 255 255 255 255 255 255 255 255 255 255 255 255
255 255 255 255 255 255 255 255 255 255 255 255 255 255 255 255
255 255 255 255 255 255 255 255 255 255 255 255 255 255 255 255
255 255 255 255 255 255 255 255 255 255 255 255 255 255 255 255
255   0 248 255 226 255 103 255 255   0 255 255 103 111 255 255
  0 255 255 255 207 255   0 255 255 255 255 255 207 255   0 255
255 112   0 255  91 112   0 255 255 255 255 255   0   0 139 255
  0 255 255 255 207 255   0 255  72 255  28 255 207 255 255 255
255 255 255 255 255 255 255 255 255 255 255 255 255 255 255 255
255 255 255 255 255 255 255 255 255 255 255 255 255 255 255 255
255 255 255 255 255 255 255 255 255 255 255 255 255 255 255 255
255 255 255 255 255 255 255 255 255 255 255 255 255 255 255 255
255 255 255 255 255 255 255 255 255 255 255 255 255 255 255 255
255 255 255 255 255 255 255 255 255 255 255 255 255 255 255 255
255 255 255 255 255 255 255 255 255 255 255 255 255 255 255 255
255 255 255 255 255 255 255 255 255 255 255 255 255 255 255 255
255 255 255 255 255 255 255 255 255 255 255 255 255 255 255 255
255 255 255 255 255 255 255 255 255 255 255 255 255 255 255 255
255 255 255 255 255 255 255 255 255 255 255 255 255 255 255 255
255 255 255 255 255 255 255 255 255 255 255 255 255 255 255 255
255   0 248 255 226 255 103 255 255   0 255 255 103 111 255 255
  0 255 255 255 207 255   0 255 255 255 255 255 207 255   0 255
255 112   0 255  91 112   0 255 255 255 255 255   0   0 139 255
  0 255 255 255 207 255   0 255  72 255  28 255 207 255 255 255
255 255 255 255 255 255 255 255 255 255 255 255 255 255 255 255

255 255 255 255 255 255 255 255 255 255 255 255 253 254 255 255
255 255 255 255 255 255 255 255 255 255 255 202 107 147 255 255
255 255 255 255 255 255 255 255 255 255 255 124 239 123 255 255
255 255 255 255 255 255 255 255 255 255 255 132 146  84 154 215
255 255 255 255 255 255 255 255 255 255 255 255 219 192 224 254
255 255 255 255 255 255 255 255 255 255 255 201 141 232 120 209
255 255 255 255 255 255 255 255 255 255 255 107 245 255 244 150
255 255 255 255 255 255 255 255 255 255 255 202 154 237 125 211
255 255 255 255 255 255 255 255 255 255 255 255 250 222 250 255
255 255 255 255 255 255 255 255 255 255 255 189 128  80 128 205
255 255 255 255 255 255 255 255 255 255 255 255 255 154 255 255
255 255 255 255 255 255 255 255 255 255 255 187 124  75 124 203
255 255 255 255 255 255 255 255 255 255 255 243 227 226 199 245
255 255 255 255 255 255 255 255 255 255 255 167 190 113 170 177
255 255 255 255 255 255 255 255 255 255 255 113 239 139 236 152
255 255 255 255 255 255 255 255 255 255 255 226 131 220 140 230
255 255 255 255 255 255 255 255 255 255 255 255 253 254 255 255
255 255 255 255 255 255 255 255 255 255 255 202 107 147 255 255
255 255 255 255 255 255 255 255 255 255 255 124 239 123 255 255
255 255 255 255 255 255 255 255 255 255 255 132 146  84 154 215
255 255 255 255 255 255 255 255 255 255 255 255 219 192 224 254
255 255 255 255 255 255 255 255 255 255 255 201 141 232 120 209
255 255 255 255 255 255 255 255 255 255 255 107 245 255 244 150
255 255 255 255 255 255 255 255 255 255 255 202 154 237 125 211
255 255 255 255 255 255 255 255 255 255 255 255 250 222 250 255
255 255 255 255 255 255 255 255 255 255 255 189 128  80 128 205
255 255 255 255 255 255 255 255 255 255 255 255 255 154 255 255
255 255 255 255 255 255 255 255 255 255 255 187 124  75 124 203
255 255 255 255 255 255 255 255 255 255 255 243 227 226 199 245
255 255 255 255 255 255 255 255 255 255 255 167 190 113 170 177
255 255 255 255 255 255 255 255 255 255 255 113 239 139 236 152
255 255 255 255 255 255 255 255 255 255 255 226 131 220 140 230
255 255 255 255 255 255 255 255 255 255 255 255 253 254 255 255
255 255 255 255 255 255 255 255 255 255 255 202 107 147 255 255
255 255 255 255 255 255 255 255 255 255 255 124 239 123 255 255
255 255 255 255 255 255 255 255 255 255 255 132 146  84 154 215
255 255 255 255 255 255 255 255 255 255 255 255 219 192 224 254
255 255 255 255 255 255 255 255 255 255 255 201 141 232 120 209
255 255 255 255 255 255 255 255 255 255 255 107 245 255 244 150
255 255 255 255 255 255 255 255 255 255 255 202 154 237 125 211
255 255 255 255 255 255 255 255 255 255 255 255 250 222 250 255
255 255 255 255 255 255 255 255 255 255 255 189 128  80 128 205
255 255 255 255 255 255 255 255 255 255 255 255 255 154 255 255
255 255 255 255 255 255 255 255 255 255 255 187 124  75 124 203
255 255 255 255 255 255 255 255 255 255 255 243 227 226 199 245
255 255 255 255 255 255 255 255 255 255 255 167 190 113 170 177
255 255 255 255 255 255 255 255 255 255 255 113 239 139 236 152
255 255 255 255 255 255 255 255 255 255 255 226 131 220 140 230

255 255 255 215 254 209 150 211 255 205 255 203 245 177 152 230
255 255 255 154 224 120 244 125 250 128 255 124 199 170 236 140
254 147 123  84 192 232 255 237 222  80 154  75 226 113 139 220
253 107 239 146 219 141 245 154 250 128 255 124 227 190 239 131
255 202 124 132 255 201 107 202 255 189 255 187 243 167 113 226
255 255 255 255 255 255 255 255 255 255 255 255 255 255 255 255
255 255 255 255 255 255 255 255 255 255 255 255 255 255 255 255
255 255 255 255 255 255 255 255 255 255 255 255 255 255 255 255
255 255 255 255 255 255 255 255 255 255 255 255 255 255 255 255
255 255 255 255 255 255 255 255 255 255 255 255 255 255 255 255
255 255 255 255 255 255 255 255 255 255 255 255 255 255 255 255
255 255 255 255 255 255 255 255 255 255 255 255 255 255 255 255
255 255 255 255 255 255 255 255 255 255 255 255 255 255 255 255
255 255 255 255 255 255 255 255 255 255 255 255 255 255 255 255
255 255 255 255 255 255 255 255 255 255 255 255 255 255 255 255
255 255 255 255 255 255 255 255 255 255 255 255 255 255 255 255
255 255 255 215 254 209 150 211 255 205 255 203 245 177 152 230
255 255 255 154 224 120 244 125 250 128 255 124 199 170 236 140
254 147 123  84 192 232 255 237 222  80 154  75 226 113 139 220
253 107 239 146 219 141 245 154 250 128 255 124 227 190 239 131
255 202 124 132 255 201 107 202 255 189 255 187 243 167 113 226
255 255 255 255 255 255 255 255 255 255 255 255 255 255 255 255
255 255 255 255 255 255 255 255 255 255 255 255 255 255 255 255
255 255 255 255 255 255 255 255 255 255 255 255 255 255 255 255
255 255 255 255 255 255 255 255 255 255 255 255 255 255 255 255
255 255 255 255 255 255 255 255 255 255 255 255 255 255 255 255
255 255 255 255 255 255 255 255 255 255 255 255 255 255 255 255
255 255 255 255 255 255 255 255 255 255 255 255 255 255 255 255
255 255 255 255 255 255 255 255 255 255 255 255 255 255 255 255
255 255 255 255 255 255 255 255 255 255 255 255 255 255 255 255
255 255 255 255 255 255 255 255 255 255 255 255 255 255 255 255
255 255 255 255 255 255 255 255 255 255 255 255 255 255 255 255
255 255 255 215 254 209 150 211 255 205 255 203 245 177 152 230
255 255 255 154 224 120 244 125 250 128 255 124 199 170 236 140
254 147 123  84 192 232 255 237 222  80 154  75 226 113 139 220
253 107 239 146 219 141 245 154 250 128 255 124 227 190 239 131
255 202 124 132 255 201 107 202 255 189 255 187 243 167 113 226
255 255 255 255 255 255 255 255 255 255 255 255 255 255 255 255
255 255 255 255 255 255 255 255 255 255 255 255 255 255 255 255
255 255 255 255 255 255 255 255 255 255 255 255 255 255 255 255
255 255 255 255 255 255 255 255 255 255 255 255 255 255 255 255
255 255 255 255 255 255 255 255 255 255 255 255 255 255 255 255
255 255 255 255 255 255 255 255 255 255 255 255 255 255 255 255
255 255 255 255 255 255 255 255 255 255 255 255 255 255 255 255
255 255 255 255 255 255 255 255 255 255 255 255 255 255 255 255
255 255 255 255 255 255 255 255 255 255 255 255 255 255 255 255
255 255 255 255 255 255 255 255 255 255 255 255 255 255 255 255
255 255 255 255 255 255 255 255 255 255 255 255 255 255 255 255

230 140 220 131 226 255 255 255 255 255 255 255 255 255 255 255
152 236 139 239 113 255 255 255 255 255 255 255 255 255 255 255
177 170 113 190 167 255 255 255 255 255 255 255 255 255 255 255
245 199 226 227 243 255 255 255 255 255 255 255 255 255 255 255
203 124  75 124 187 255 255 255 255 255 255 255 255 255 255 255
255 255 154 255 255 255 255 255 255 255 255 255 255 255 255 255
205 128  80 128 189 255 255 255 255 255 255 255 255 255 255 255
255 250 222 250 255 255 255 255 255 255 255 255 255 255 255 255
211 125 237 154 202 255 255 255 255 255 255 255 255 255 255 255
150 244 255 245 107 255 255 255 255 255 255 255 255 255 255 255
209 120 232 141 201 255 255 255 255 255 255 255 255 255 255 255
254 224 192 219 255 255 255 255 255 255 255 255 255 255 255 255
215 154  84 146 132 255 255 255 255 255 255 255 255 255 255 255
255 255 123 239 124 255 255 255 255 255 255 255 255 255 255 255
255 255 147 107 202 255 255 255 255 255 255 255 255 255 255 255
255 255 254 253 255 255 255 255 255 255 255 255 255 255 255 255
230 140 220 131 226 255 255 255 255 255 255 255 255 255 255 255
152 236 139 239 113 255 255 255 255 255 255 255 255 255 255 255
177 170 113 190 167 255 255 255 255 255 255 255 255 255 255 255
245 199 226 227 243 255 255 255 255 255 255 255 255 255 255 255
203 124  75 124 187 255 255 255 255 255 255 255 255 255 255 255
255 255 154 255 255 255 255 255 255 255 255 255 255 255 255 255
205 128  80 128 189 255 255 255 255 255 255 255 255 255 255 255
255 250 222 250 255 255 255 255 255 255 255 255 255 255 255 255
211 125 237 154 202 255 255 255 255 255 255 255 255 255 255 255
150 244 255 245 107 255 255 255 255 255 255 255 255 255 255 255
209 120 232 141 201 255 255 255 255 255 255 255 255 255 255 255
254 224 192 219 255 255 255 255 255 255 255 255 255 255 255 255
215 154  84 146 132 255 255 255 255 255 255 255 255 255 255 255
255 255 123 239 124 255 255 255 255 255 255 255 255 255 255 255
255 255 147 107 202 255 255 255 255 255 255 255 255 255 255 255
255 255 254 253 255 255 255 255 255 255 255 255 255 255 255 255
230 140 220 131 226 255 255 255 255 255 255 255 255 255 255 255
152 236 139 239 113 255 255 255 255 255 255 255 255 255 255 255
177 170 113 190 167 255 255 255 255 255 255 255 255 255 255 255
245 199 226 227 243 255 255 255 255 255 255 255 255 255 255 255
203 124  75 124 187 255 255 255 255 255 255 255 255 255 255 255
255 255 154 255 255 255 255 255 255 255 255 255 255 255 255 255
205 128  80 128 189 255 255 255 255 255 255 255 255 255 255 255
255 250 222 250 255 255 255 255 255 255 255 255 255 255 255 255
211 125 237 154 202 255 255 255 255 255 255 255 255 255 255 255
150 244 255 245 107 255 255 255 255 255 255 255 255 255 255 255
209 120 232 141 201 255 255 255 255 255 255 255 255 255 255 255
254 224 192 219 255 255 255 255 255 255 255 255 255 255 255 255
215 154  84 146 132 255 255 255 255 255 255 255 255 255 255 255
255 255 123 239 124 255 255 255 255 255 255 255 255 255 255 255
255 255 147 107 202 255 255 255 255 255 255 255 255 255 255 255
255 255 254 253 255 255 255 255 255 255 255 255 255 255 255 255
